402

1611 16 6116666] Τ, prison, prisonz R, 66166161 li prison T. -
Un 66166661,6 6616 6. 16 6616 166] Τ, 410 S. fn, Un
666 6666166 6616166 6661116611 16 6616. V, un pon (66 petit)
devant (66661) 66 6616 166 6611 6616 6. (6161116661Ρ11616),
devant 6616 maison 66611 666 66116 (16 6616661666 66611666
166] R. 161 1161616166611166 661 661 166 661661166 666 mein
66666116 166161 1161 6161 66. Will 666 6666166 116166 16116,
611166 410 S. 11. 11616166116161, folgen, 66 16661 1661666
166 Pilatus 661116 6111111616 66116 16116666161666666, 6616166
1161661116 6661116666 (seb). Neeh 166 16116 1161116116 161661
66, 1666 11616 661 166 16666 Ρ116166* 6166 616116 166 166661
111116, 6166 66116616, 116, 616 die tibrigen 616111 1161161. 11111666
616116 161 116161 66661666, 1666166 611161166 661 16161166116
16166666 ges'tanden habe, 6166166 6661 1616166 166 116116
866616 16666116 661 161 661166116 661611, 661 1161 6161 61111161
6116 6666116616 66116166. 8166661661. 1, 6341. - 66611

666 66616166] 666166116 Τ R, 166 R. ¹

23. 6616 66666116, 66611] Τ R, 66611 6 6616 6. R, Pi·
1616. A 6616 66666116 16 66116 1661666, 66611 666 66116 V. - '
qni 66611 6 666] Τ R, 616661111. - 16616166 qui 6 6
666 16 666166] 1. 6’66 66616 16 6. T, 16 6666166, 166161666
qn’an 666161116 1. 16666 16 666166, 166666166661166; 0616 61616

estune 16616166 qne 166 6661616 6666166. 11666116 1. 6661166
16661161 R. 16161 116161 6161 66161 16116661116161616 16161, es
16116616 1666 6616, 1666 6616616611 616 11611161 unterirdischen
1666116 1616 661666161 66116. Die quelle 66116166161616166
116116616616, 661 66 66116 16 66116161 1611, 661666 vinens,
16166 quelle mehr gesundem 6ο 6661661 6611 8166116 (32) und
Daniele (31). - 6611 66161] T R, quent R, 66611 V. - 661
66 666 16666 16666 16 m.] Τ, 410 S. fn, 661611 desen
·I. monstier qui 661611166616, 161161, 1666616, 1666616, 16661611
6166 161666 16 6661161 Τ. - A 6616 16616166] T, 116 6616
166161666 R. 61 1666 que Ih. 01. 16 66 16116] T,an

 

