284

31311331131 3313311131 1133113, 3133133 33 31311 un·
331133131311311 131, 1333 31 133 111131 noch'durohging
33131133131131311311111131 3131131311 11331113 31331131,
313 313 131311113131333, einige 131333311333 3111. So
3311311133311 Th. Wrighi 13 331331 Biographia Britan·
11133, Anglii-saxon period (London 1842. 345): Ι1 13
13313 11133 31313113 1131 13 composi 3331131113 of his
wanderings in 11131331.

Die 333133113113313 jungfrau 13113313 3131 311131
31333111, 3313331111111311 311313 gili, 3131 auch der
1331113311, 1331333 31111313113313131331311111113111131311
3131 31113 1331111333131313313331133131113 1131313133 131.
11311113331111111313 3131331133 11111133133 331131 1313111
313, 11131. XV: 13313133 13133133113 3311131131.

1313133133311331111111311, 133333 33133 11111333-
1113131331311181. Mabillon 365 sqq.), war 131 33113
31333 3133 (1311), 3331333 11131311 (A. 1. 3), 113131 133
jingern 1133111311, 3311313 31133 111Η3113313131, 331
13133311311133 331133 Walpurga. 11131311, wie 11333
33133 113131 alle 1331133 im 13313 131 1311 heilig ge-
33133133. 1111111311 311113113 3331 131 313 13313133
13311313133 33331133 113 j. 700 133 11311131 11311
(33333331133331. Μ33313331. 2,,113, 131313331313,
1331311313. 1, 111, 1131113133. a. 3. 352), nach
Ι(1131331 (0133113113 commentar. Philippi episc. Eysteii.
Ingolst. 1617. 176) 604.

lm 13113113111111113113 1111111313 11311331333 3ο
3131131131 133 13131, in 333313133131331131 133 311113133-

 

